('MT19937', array([2526065298, 3468809477, 4265106103, 2897585966, 4130435703,
       2451215266, 3057162307, 1611567271, 1801497020, 2230865836,
        214436692, 1716143776, 2135897539,  679680628, 3322075931,
       1703245454, 3953157289,   99709761, 3443419212,  896054954,
       2566810292, 2346881602, 1405428523, 1313339921, 3103557876,
        296320030, 3299229974, 1588155384,  645254142, 3089617282,
         76539557, 2368626503, 1574522351,  598236242, 2888437842,
       3551407897, 2566243888,   16279696,  747017055, 3901675310,
        560553654, 3863607435, 4032668589, 2675820880, 1949372433,
       2776730836, 3583109081, 1071348972, 2669509173, 1893206380,
       1075500346, 2069984935, 4162717675,   36400520, 3424359467,
         39288693,  199966427,  118716501, 1931210890, 2948739342,
       3515657838, 1057055900, 1774387013,  297329316, 3851164101,
        291233166, 3277385945, 2331890519, 3217481498, 4263412614,
       1950431009, 3522265569, 3499761601, 1131852168, 1167841147,
       1934640893,  669519902, 1048100533, 1795468487, 1978091834,
        705652036, 3077910637,   28084389, 2474802514, 3423034371,
        862424041, 3817091842, 2967471011, 3599723205,  301874349,
        674166282, 2652392153, 1419348968, 3442529494, 2906744062,
       2317205427, 4092526054,  902678392, 1785165324,  579092593,
       2274617351, 2029736196,  728339079, 2847538529, 3786271484,
       1790915288, 2780872243,  150333215, 2108164912, 2791669622,
       3525321873,  823432644, 3419144793, 1061284747, 2144521126,
        598757489, 1863070833,  878911732,  923779997, 1401475271,
       4105557638,  636919287, 3847450398,  497324255,   19744853,
        244907700,  699095319, 3680745269, 3797774664, 3167650645,
        486903657, 1214631590,  358131374,  654187358,  162964219,
        864964938,   21788958,  192883840,  150759000, 2160760010,
        311288647, 2099239371, 2746103122, 1526926443,  799421018,
        693561247, 2586794296, 3029797497, 3023308023, 1164127338,
        789333423, 1196640308,  461193379, 3255457211,  172292666,
        456553713, 2058721377, 1581530656, 3985840764, 1120214510,
        115131377, 4246278339, 4273977848, 1232528899, 3414658562,
       2213602525, 4201830044, 4119609532, 3024755373, 2946906363,
        339570816, 2690749561, 1589479394, 1143839012, 1013856960,
       3306118646,  475268771, 3492681351, 1705768164, 2677884309,
       2905469437, 4105419097,  365150730, 3127842467,  628634865,
       3361876763, 1056534238, 2465510913, 4126834684, 2045412639,
       1648387515, 2205997873, 3044775609,  124757139, 3357217962,
       2393085815, 1493479189, 3077576440, 1855885848, 3536480647,
       1564045680,  984833025, 3017089953, 3377580838, 3928518367,
       1715741459, 3805884049, 2507654264, 2013589675,  741133386,
       2350575582, 2993288738, 1801246738, 2620792479, 2773547571,
         82679607, 1578806877, 2044109258, 2388256915,  491881084,
        846981796, 2700520397, 2110188832, 3937986026, 1357192682,
       1808137114, 1044805463, 3470694762, 3999532262, 1686756744,
       1540691084, 1339190052, 3039428337, 4059568672,   61844287,
         75562355, 2413017568, 3560339198, 1217784437,  151433170,
        937712322, 3724756915, 3796200253, 3129212504, 2519742700,
       1665152921,  571788530, 4205886147, 2596776067, 2557384761,
        806076143, 3786807878, 2520782930, 3805726012, 3919383625,
       1755980566, 3382058346, 1816917792, 2758411744, 1189396395,
       1546118893, 1345180849, 1320637666, 3177033355,  392922042,
        433309920, 2007272839, 3843713021, 1698084118, 1658699857,
        583826802, 3479448585, 3762070384,  453781502,  984581664,
        592942952, 3601515117, 3165206954,  360362924,  321377505,
       3149927077,  462564790,  853365641, 2370393723, 2044160261,
        469552050, 1203143279,  871725849, 1718222661, 3413832202,
       4157793207, 1991269786,  648401219, 1077497471,  231158673,
       1447131658,  712969252,  392487328, 3546431433, 2594634256,
       3803299628, 3910115449, 2498409235, 3223207199, 3741612105,
       2064570246, 1729987517, 1623864416,  378516027, 2294031832,
        957399925, 4188990114,  533008260, 4124392887, 1492335965,
       3592762725, 3229776942,  313314742, 3346539664, 2146843793,
        855395117, 1696030598, 3025957087, 3379560826, 2891030366,
        581636701,  775759343, 3908617589, 2229710159, 1633375331,
        964950688, 2474154090,   33095336, 3624237546,  376278334,
       1422481053,  399566489,  447561322, 4175079164,  586415086,
       4115371283,  680322634, 2896768502, 1045842972, 1285386130,
       3386409626, 2380274002, 3688495072, 4286137267, 1489180155,
       3902593099, 1846316748, 2266442247, 3418998419, 3098263673,
       1696913612,  281112809, 4241669239, 3811183591, 1188836321,
        850135062, 4248810213,  284388454, 1141210634, 3417297207,
       2284675767, 3021433935, 3743326967, 2937348303, 1733260277,
       1267704225, 3517864964, 2126311852, 2690572687,  692233348,
        285431668, 2683330696, 1960856717, 2773397115,  153529492,
       1194286639, 3740121029, 2699976702,  943631744,  980792420,
       4077952698, 3257882297,   61316196,  455307934, 2038146571,
       4111192559, 1214746120, 4139710867, 1762891597, 2632290591,
       3242044730, 3534261579, 3308447526,  445558884, 4010095906,
        195928156,  388173523, 2913374393, 1366708840, 2408238882,
       3631802208, 1834701594, 4059924206, 1216812875, 2510340346,
       4283596437,   29595830,  586999664, 1941687038, 3534910891,
       2901419757, 3687078825, 2735839447,  287529409, 3875554275,
       3155248234, 1689623587, 1485585342, 4105207343, 1764326709,
         87767913, 3893294130,  861019546, 3466804810, 1400170229,
       2377291627, 2683002261, 1417902090,  918735029, 2414191500,
       1927676748, 2499866884,  928371974, 2764194341,  763436436,
        329020517, 2392454380, 4275202468,  465209380, 1817045021,
       3536935165,  898576967, 1996215703,  249762858, 1705695766,
        173065389,  663667756, 3382312999, 4055408401,  935876340,
       4030073886, 1067407878, 4254701859, 3284627680, 1985737745,
       3805783056, 3161450783, 2418898882,  336483255, 2819518726,
       1220865686, 1976900560, 2843449231, 1252974478,  682969640,
        627376829, 2137196505,  627744398,  365724262, 3873486708,
       3251400222,  659419809, 2047429223, 3223073369,  420944632,
       2023135377, 1902006580, 2754000360, 4104559996,  298307006,
       2607737075, 4207404383, 3960528460,  924623478, 4087009446,
       3348011456, 3985234550,  481941165, 1024352402, 1043940123,
       4112432579, 3911450051, 1978103699,  218081133, 1847496445,
        929119070,  531045140,  835997361,  705112548, 2352415997,
       3591590380, 4062310535, 4115921611,  343455965,  911775749,
       2958359287,  345417578, 2588939198, 2618537011,  604036668,
       2872658033, 2136346043,  576703628, 3782930060,  540411654,
       3804424205, 3679352951, 3091827770, 3256983944, 3969689528,
       2372416663, 1515040849,  152728979, 3528044737, 1698123727,
       1997202825, 4039217900, 1008055012,  362400020, 3179233114,
       1646091069, 2959311351,  669246221, 4120071229, 1247192155,
       3691714043, 2588022953,  345509583, 2011980958,  191781180,
       1323019923, 2399389687, 1038890539, 3605329940, 3570836390,
        628865708, 2060929965, 4133105290,  198328129, 4203096054,
       1416717906, 1300114756, 1551814398, 4124939097, 3254925954,
       2363316836,  555095362, 1433313050, 2552288577, 2762637367,
        157700494, 2420232281, 1648360787, 1951717351, 1226538984,
       2790495471, 2964772959, 3883017589, 2468009207, 1093253709,
        282263729,  771139590, 2430783047, 2922386913, 3337597311,
        338525508,  564011161,  887041975, 4125462309,  847555074,
       4129155947,  242833107, 2285312894, 3083087212, 4004006909,
       3436322883, 1596062958, 2260081242, 1665482225,  241894678,
       1212668951, 1488085726, 3872733586, 3809943800, 1417111180,
       3120618702,  315586545, 2799081548, 1191579931, 1554895323,
        813867215, 3856264289, 1122135496, 1502441984, 3654251939,
       2270181715,  899283500, 3791503531,  819540573, 2729777768,
       4178502858,  382818606, 2355750612,  679620629, 2528816407,
       2578657563, 3454491834,  425141318, 1616999745], dtype=uint32), 624, 0, 0.0)